x1 x2 x3 x4 t
0.00000 1.00000 10.00000 0.00000 0.00000
0.00000 0.99995 9.99995 0.00005 0.00000
0.00000 0.99990 9.99990 0.00010 0.00000
0.00000 0.99985 9.99985 0.00015 0.00000
0.00000 0.99980 9.99980 0.00020 0.00000
0.00000 0.99955 9.99955 0.00045 0.00000
0.00000 0.99930 9.99930 0.00070 0.00000
0.00000 0.99905 9.99905 0.00095 0.00000
0.00000 0.99880 9.99880 0.00120 0.00000
0.00000 0.99754 9.99754 0.00246 0.00000
0.00000 0.99630 9.99629 0.00370 0.00000
0.00000 0.99505 9.99505 0.00495 0.00000
0.00001 0.99381 9.99380 0.00619 0.00000
0.00001 0.98763 9.98762 0.01237 0.00001
0.00002 0.98153 9.98151 0.01847 0.00003
0.00003 0.97550 9.97546 0.02450 0.00005
0.00003 0.96954 9.96947 0.03046 0.00007
0.00006 0.94075 9.94047 0.05925 0.00028
0.00009 0.91358 9.91295 0.08642 0.00063
0.00013 0.88792 9.88682 0.11208 0.00110
0.00016 0.86370 9.86202 0.13630 0.00168
0.00022 0.82210 9.81904 0.17790 0.00306
0.00027 0.78471 9.77992 0.21529 0.00479
0.00033 0.75107 9.74424 0.24893 0.00683
0.00039 0.72081 9.71166 0.27919 0.00915
0.00048 0.68191 9.66893 0.31809 0.01298
0.00056 0.64855 9.63127 0.35145 0.01728
0.00065 0.61993 9.59795 0.38007 0.02198
0.00073 0.59536 9.56835 0.40464 0.02702
0.00085 0.56761 9.53336 0.43239 0.03425
0.00096 0.54501 9.50309 0.45499 0.04192
0.00108 0.52664 9.47669 0.47336 0.04994
0.00119 0.51167 9.45341 0.48833 0.05826
0.00134 0.49693 9.42815 0.50307 0.06878
0.00148 0.48550 9.40591 0.51450 0.07958
0.00162 0.47669 9.38609 0.52331 0.09060
0.00176 0.46987 9.36808 0.53013 0.10179
0.00193 0.46371 9.34857 0.53629 0.11514
0.00209 0.45919 9.33056 0.54081 0.12862
0.00226 0.45596 9.31375 0.54404 0.14221
0.00243 0.45363 9.29776 0.54637 0.15587
0.00263 0.45165 9.27949 0.54835 0.17215
0.00282 0.45037 9.26188 0.54963 0.18848
0.00302 0.44964 9.24478 0.55036 0.20485
0.00322 0.44925 9.22801 0.55075 0.22124
0.00347 0.44901 9.20751 0.55099 0.24151
0.00371 0.44905 9.18727 0.55095 0.26178
0.00396 0.44930 9.16725 0.55070 0.28205
0.00420 0.44966 9.14734 0.55034 0.30231
0.00452 0.45014 9.12179 0.54986 0.32835
0.00483 0.45071 9.09635 0.54929 0.35436
0.00515 0.45137 9.07103 0.54863 0.38034
0.00546 0.45205 9.04575 0.54795 0.40630
0.00589 0.45291 9.01172 0.54709 0.44119
0.00631 0.45381 8.97778 0.54619 0.47603
0.00674 0.45477 8.94395 0.54523 0.51082
0.00716 0.45573 8.91019 0.54427 0.54554
0.00774 0.45688 8.86471 0.54312 0.59217
0.00831 0.45811 8.81941 0.54189 0.63869
0.00888 0.45951 8.77439 0.54049 0.68512
0.00945 0.46087 8.72943 0.53913 0.73144
0.01007 0.46180 8.68009 0.53820 0.78171
0.01070 0.46306 8.63118 0.53694 0.83188
0.01132 0.46507 8.58308 0.53493 0.88199
0.01194 0.46682 8.53487 0.53318 0.93194
0.01235 0.46740 8.50298 0.53260 0.96442
0.01276 0.46816 8.47130 0.53184 0.99685
0.01316 0.46917 8.43991 0.53083 1.02926
0.01357 0.47017 8.40857 0.52983 1.06160
0.01397 0.47099 8.37712 0.52901 1.09387
0.01438 0.47187 8.34578 0.52813 1.12609
0.01479 0.47282 8.31456 0.52718 1.15826
0.01519 0.47378 8.28340 0.52622 1.19037
0.01573 0.47492 8.24261 0.52508 1.23230
0.01626 0.47611 8.20197 0.52389 1.27414
0.01679 0.47742 8.16153 0.52258 1.31589
0.01732 0.47871 8.12117 0.52129 1.35754
0.01796 0.47991 8.07284 0.52009 1.40706
0.01859 0.48130 8.02484 0.51870 1.45647
0.01922 0.48315 7.97738 0.51685 1.50577
0.01986 0.48484 7.92992 0.51516 1.55492
0.02032 0.48567 7.89505 0.51433 1.59062
0.02078 0.48665 7.86039 0.51335 1.62626
0.02125 0.48787 7.82603 0.51213 1.66184
0.02171 0.48906 7.79171 0.51094 1.69735
0.02217 0.49003 7.75727 0.50997 1.73276
0.02263 0.49107 7.72297 0.50893 1.76810
0.02310 0.49224 7.68886 0.50776 1.80337
0.02356 0.49339 7.65482 0.50661 1.83857
0.02411 0.49459 7.61403 0.50541 1.88055
0.02467 0.49587 7.57344 0.50413 1.92243
0.02522 0.49732 7.53310 0.50268 1.96422
0.02577 0.49873 7.49284 0.50127 2.00589
0.02639 0.49995 7.44771 0.50005 2.05224
0.02701 0.50136 7.40289 0.49864 2.09847
0.02763 0.50319 7.35859 0.49681 2.14460
0.02824 0.50489 7.31431 0.49511 2.19058
0.02882 0.50583 7.27265 0.49417 2.23319
0.02939 0.50708 7.23138 0.49292 2.27570
0.02997 0.50895 7.19079 0.49105 2.31815
0.03054 0.51065 7.15018 0.48935 2.36047
0.03103 0.51151 7.11495 0.48849 2.39656
0.03153 0.51257 7.07999 0.48743 2.43258
0.03202 0.51399 7.04544 0.48601 2.46854
0.03251 0.51535 7.01094 0.48465 2.50441
0.03299 0.51636 6.97750 0.48364 2.53886
0.03346 0.51747 6.94423 0.48253 2.57324
0.03394 0.51873 6.91118 0.48127 2.60754
0.03441 0.51997 6.87821 0.48003 2.64176
0.03495 0.52122 6.84049 0.47878 2.68072
0.03549 0.52253 6.80295 0.47747 2.71958
0.03604 0.52399 6.76565 0.47601 2.75834
0.03658 0.52542 6.72843 0.47458 2.79699
0.03720 0.52681 6.68546 0.47319 2.84135
0.03783 0.52833 6.64276 0.47167 2.88557
0.03845 0.53014 6.60046 0.46986 2.92968
0.03907 0.53186 6.55823 0.46814 2.97363
0.03970 0.53309 6.51582 0.46691 3.01728
0.04032 0.53457 6.47377 0.46543 3.06080
0.04094 0.53655 6.43232 0.46345 3.10423
0.04157 0.53839 6.39090 0.46161 3.14749
0.04212 0.53945 6.35395 0.46055 3.18550
0.04267 0.54072 6.31731 0.45928 3.22342
0.04322 0.54241 6.28115 0.45759 3.26126
0.04377 0.54401 6.24504 0.45599 3.29897
0.04427 0.54512 6.21153 0.45488 3.33359
0.04478 0.54635 6.17823 0.45365 3.36812
0.04529 0.54777 6.14520 0.45223 3.40257
0.04579 0.54917 6.11225 0.45083 3.43692
0.04634 0.55047 6.07678 0.44953 3.47369
0.04688 0.55185 6.04150 0.44815 3.51035
0.04743 0.55336 6.00645 0.44664 3.54692
0.04797 0.55486 5.97150 0.44514 3.58336
0.04860 0.55636 5.93133 0.44364 3.62503
0.04922 0.55796 5.89140 0.44204 3.66656
0.04985 0.55977 5.85181 0.44023 3.70796
0.05047 0.56152 5.81233 0.43848 3.74919
0.05113 0.56300 5.77075 0.43700 3.79225
0.05179 0.56466 5.72950 0.43534 3.83516
0.05244 0.56670 5.68877 0.43330 3.87793
0.05310 0.56863 5.64811 0.43137 3.92052
0.05371 0.56993 5.61028 0.43007 3.95964
0.05431 0.57143 5.57279 0.42857 3.99864
0.05492 0.57334 5.53580 0.42666 4.03753
0.05552 0.57515 5.49889 0.42485 4.07627
0.05608 0.57641 5.46505 0.42359 4.11135
0.05663 0.57780 5.43147 0.42220 4.14633
0.05718 0.57942 5.39821 0.42058 4.18121
0.05773 0.58101 5.36505 0.41899 4.21596
0.05829 0.58240 5.33117 0.41760 4.25123
0.05885 0.58387 5.29749 0.41613 4.28637
0.05942 0.58548 5.26407 0.41452 4.32141
0.05998 0.58707 5.23076 0.41293 4.35631
0.06061 0.58866 5.19345 0.41134 4.39521
0.06124 0.59033 5.15638 0.40967 4.43395
0.06187 0.59217 5.11962 0.40783 4.47255
0.06250 0.59397 5.08299 0.40603 4.51098
0.06317 0.59563 5.04346 0.40437 4.55217
0.06385 0.59742 5.00423 0.40258 4.59319
0.06453 0.59950 4.96544 0.40050 4.63406
0.06521 0.60150 4.92678 0.39850 4.67472
0.06586 0.60303 4.88930 0.39697 4.71374
0.06652 0.60474 4.85215 0.39526 4.75259
0.06717 0.60680 4.81549 0.39320 4.79131
0.06783 0.60877 4.77893 0.39123 4.82985
0.06843 0.61021 4.74511 0.38979 4.86510
0.06903 0.61178 4.71157 0.38822 4.90021
0.06963 0.61361 4.67840 0.38639 4.93521
0.07024 0.61539 4.64534 0.38461 4.97005
0.07083 0.61689 4.61271 0.38311 5.00418
0.07142 0.61847 4.58030 0.38153 5.03818
0.07201 0.62022 4.54817 0.37978 5.07205
0.07261 0.62193 4.51617 0.37807 5.10577
0.07325 0.62360 4.48155 0.37640 5.14206
0.07389 0.62535 4.44716 0.37465 5.17818
0.07453 0.62724 4.41308 0.37276 5.21415
0.07517 0.62910 4.37915 0.37090 5.24995
0.07587 0.63088 4.34239 0.36912 5.28849
0.07656 0.63277 4.30593 0.36723 5.32684
0.07726 0.63487 4.26986 0.36513 5.36501
0.07795 0.63692 4.23394 0.36308 5.40298
0.07865 0.63865 4.19802 0.36135 5.44063
0.07934 0.64052 4.16242 0.35948 5.47810
0.08003 0.64267 4.12726 0.35733 5.51540
0.08073 0.64475 4.09225 0.35525 5.55249
0.08138 0.64637 4.05921 0.35363 5.58715
0.08203 0.64812 4.02646 0.35188 5.62165
0.08268 0.65010 3.99410 0.34990 5.65601
0.08334 0.65204 3.96187 0.34796 5.69017
0.08397 0.65367 3.93055 0.34633 5.72312
0.08460 0.65539 3.89948 0.34461 5.75591
0.08523 0.65726 3.86872 0.34274 5.78855
0.08587 0.65911 3.83810 0.34089 5.82101
0.08653 0.66085 3.80602 0.33915 5.85484
0.08719 0.66267 3.77419 0.33733 5.88848
0.08786 0.66463 3.74267 0.33537 5.92196
0.08852 0.66655 3.71130 0.33345 5.95525
0.08923 0.66842 3.67768 0.33158 5.99073
0.08994 0.67036 3.64435 0.32964 6.02601
0.09066 0.67249 3.61138 0.32751 6.06110
0.09137 0.67456 3.57859 0.32544 6.09597
0.09209 0.67642 3.54518 0.32358 6.13124
0.09282 0.67839 3.51209 0.32161 6.16630
0.09354 0.68058 3.47941 0.31942 6.20117
0.09427 0.68272 3.44690 0.31728 6.23581
0.09497 0.68449 3.41555 0.31551 6.26894
0.09566 0.68637 3.38450 0.31363 6.30187
0.09636 0.68846 3.35383 0.31154 6.33463
0.09706 0.69051 3.32333 0.30949 6.36718
0.09774 0.69225 3.29374 0.30775 6.39851
0.09841 0.69408 3.26442 0.30592 6.42965
0.09909 0.69606 3.23543 0.30394 6.46063
0.09977 0.69801 3.20660 0.30199 6.49141
0.10046 0.69982 3.17710 0.30018 6.52271
0.10116 0.70169 3.14787 0.29831 6.55383
0.10185 0.70370 3.11894 0.29630 6.58476
0.10254 0.70568 3.09019 0.29432 6.61548
0.10327 0.70758 3.05989 0.29242 6.64770
0.10401 0.70956 3.02986 0.29044 6.67970
0.10474 0.71168 3.00018 0.28832 6.71150
0.10547 0.71376 2.97069 0.28624 6.74307
0.10622 0.71568 2.94044 0.28432 6.77524
0.10698 0.71769 2.91050 0.28231 6.80719
0.10773 0.71987 2.88094 0.28013 6.83894
0.10848 0.72201 2.85157 0.27799 6.87044
0.10922 0.72387 2.82274 0.27613 6.90113
0.10996 0.72582 2.79422 0.27418 6.93161
0.11070 0.72795 2.76606 0.27205 6.96189
0.11144 0.73003 2.73809 0.26997 6.99194
0.11216 0.73185 2.71083 0.26815 7.02102
0.11288 0.73374 2.68384 0.26626 7.04990
0.11360 0.73577 2.65718 0.26423 7.07859
0.11432 0.73777 2.63070 0.26223 7.10707
0.11505 0.73961 2.60401 0.26039 7.13560
0.11578 0.74152 2.57758 0.25848 7.16393
0.11650 0.74353 2.55146 0.25647 7.19207
0.11723 0.74552 2.52553 0.25448 7.21999
0.11799 0.74743 2.49865 0.25257 7.24877
0.11875 0.74939 2.47205 0.25061 7.27734
0.11950 0.75147 2.44577 0.24853 7.30570
0.12026 0.75351 2.41969 0.24649 7.33382
0.12104 0.75543 2.39297 0.24457 7.36247
0.12182 0.75742 2.36654 0.24258 7.39088
0.12260 0.75954 2.34046 0.24046 7.41908
0.12337 0.76163 2.31458 0.23837 7.44704
0.12415 0.76351 2.28889 0.23649 7.47461
0.12492 0.76545 2.26349 0.23455 7.50196
0.12570 0.76754 2.23845 0.23246 7.52909
0.12647 0.76959 2.21359 0.23041 7.55599
0.12723 0.77141 2.18920 0.22859 7.58221
0.12800 0.77330 2.16508 0.22670 7.60822
0.12876 0.77531 2.14129 0.22469 7.63402
0.12952 0.77729 2.11768 0.22271 7.65961
0.13028 0.77911 2.09407 0.22089 7.68504
0.13105 0.78098 2.07072 0.21902 7.71026
0.13181 0.78295 2.04768 0.21705 7.73528
0.13258 0.78490 2.02482 0.21510 7.76007
0.13336 0.78674 2.00145 0.21326 7.78529
0.13415 0.78863 1.97835 0.21137 7.81028
0.13493 0.79062 1.95556 0.20938 7.83506
0.13572 0.79258 1.93296 0.20742 7.85962
0.13652 0.79443 1.90992 0.20557 7.88451
0.13733 0.79634 1.88715 0.20366 7.90918
0.13813 0.79834 1.86471 0.20166 7.93363
0.13893 0.80032 1.84246 0.19968 7.95785
0.13974 0.80213 1.82025 0.19787 7.98188
0.14055 0.80400 1.79830 0.19600 8.00569
0.14135 0.80597 1.77668 0.19403 8.02929
0.14216 0.80791 1.75525 0.19209 8.05266
0.14296 0.80968 1.73411 0.19032 8.07557
0.14376 0.81149 1.71322 0.18851 8.09827
0.14456 0.81340 1.69263 0.18660 8.12076
0.14536 0.81527 1.67224 0.18473 8.14303
0.14616 0.81701 1.65192 0.18299 8.16509
0.14696 0.81878 1.63185 0.18122 8.18693
0.14776 0.82064 1.61207 0.17936 8.20858
0.14856 0.82247 1.59247 0.17753 8.23000
0.14937 0.82420 1.57264 0.17580 8.25157
0.15019 0.82597 1.55305 0.17403 8.27292
0.15100 0.82782 1.53375 0.17218 8.29407
0.15181 0.82963 1.51464 0.17037 8.31499
0.15264 0.83135 1.49526 0.16865 8.33609
0.15347 0.83311 1.47613 0.16689 8.35697
0.15430 0.83494 1.45730 0.16506 8.37765
0.15513 0.83675 1.43865 0.16325 8.39810
0.15597 0.83843 1.41999 0.16157 8.41844
0.15681 0.84015 1.40157 0.15985 8.43858
0.15764 0.84195 1.38344 0.15805 8.45851
0.15848 0.84372 1.36550 0.15628 8.47822
0.15931 0.84535 1.34773 0.15465 8.49762
0.16014 0.84701 1.33019 0.15299 8.51682
0.16097 0.84875 1.31293 0.15125 8.53583
0.16181 0.85046 1.29585 0.14954 8.55462
0.16264 0.85205 1.27886 0.14795 8.57319
0.16347 0.85367 1.26211 0.14633 8.59156
0.16431 0.85535 1.24561 0.14465 8.60974
0.16514 0.85701 1.22929 0.14299 8.62772
0.16598 0.85857 1.21289 0.14143 8.64568
0.16682 0.86016 1.19671 0.13984 8.66344
0.16767 0.86181 1.18079 0.13819 8.68102
0.16851 0.86343 1.16504 0.13657 8.69839
0.16936 0.86497 1.14916 0.13503 8.71581
0.17022 0.86653 1.13350 0.13347 8.73302
0.17107 0.86815 1.11810 0.13185 8.75005
0.17193 0.86974 1.10287 0.13026 8.76688
0.17279 0.87124 1.08762 0.12876 8.78362
0.17365 0.87276 1.07259 0.12724 8.80017
0.17452 0.87434 1.05781 0.12566 8.81653
0.17538 0.87589 1.04320 0.12411 8.83269
0.17624 0.87733 1.02870 0.12267 8.84863
0.17710 0.87880 1.01441 0.12120 8.86439
0.17796 0.88032 1.00035 0.11968 8.87997
0.17883 0.88182 0.98646 0.11818 8.89535
0.17969 0.88321 0.97267 0.11679 8.91054
0.18055 0.88463 0.95908 0.11537 8.92555
0.18141 0.88609 0.94572 0.11391 8.94038
0.18228 0.88753 0.93251 0.11247 8.95502
0.18314 0.88888 0.91930 0.11112 8.96958
0.18401 0.89026 0.90629 0.10974 8.98397
0.18488 0.89168 0.89350 0.10832 8.99818
0.18575 0.89307 0.88086 0.10693 9.01221
0.18663 0.89439 0.86817 0.10561 9.02622
0.18751 0.89572 0.85568 0.10428 9.04005
0.18839 0.89711 0.84339 0.10289 9.05371
0.18927 0.89846 0.83126 0.10154 9.06720
0.19015 0.89974 0.81913 0.10026 9.08060
0.19104 0.90103 0.80719 0.09897 9.09384
0.19192 0.90236 0.79546 0.09764 9.10691
0.19281 0.90367 0.78387 0.09633 9.11981
0.19370 0.90490 0.77236 0.09510 9.13254
0.19459 0.90614 0.76103 0.09386 9.14511
0.19547 0.90742 0.74989 0.09258 9.15753
0.19636 0.90868 0.73890 0.09132 9.16978
0.19725 0.90985 0.72800 0.09015 9.18185
0.19814 0.91104 0.71727 0.08896 9.19377
0.19902 0.91227 0.70673 0.08773 9.20554
0.19991 0.91347 0.69632 0.08653 9.21715
0.20080 0.91460 0.68595 0.08540 9.22865
0.20170 0.91574 0.67575 0.08426 9.23999
0.20259 0.91692 0.66573 0.08308 9.25119
0.20348 0.91807 0.65583 0.08193 9.26224
0.20438 0.91916 0.64594 0.08084 9.27322
0.20528 0.92026 0.63621 0.07974 9.28405
0.20618 0.92140 0.62665 0.07860 9.29475
0.20708 0.92251 0.61722 0.07749 9.30529
0.20799 0.92356 0.60780 0.07644 9.31576
0.20889 0.92462 0.59854 0.07538 9.32608
0.20980 0.92571 0.58944 0.07429 9.33626
0.21071 0.92677 0.58047 0.07323 9.34630
0.21162 0.92777 0.57156 0.07223 9.35622
0.21253 0.92879 0.56279 0.07121 9.36599
0.21344 0.92983 0.55419 0.07017 9.37564
0.21434 0.93085 0.54570 0.06915 9.38515
0.21525 0.93180 0.53729 0.06820 9.39451
0.21616 0.93276 0.52902 0.06724 9.40374
0.21707 0.93375 0.52090 0.06625 9.41285
0.21798 0.93472 0.51289 0.06528 9.42183
0.21889 0.93563 0.50494 0.06437 9.43069
0.21981 0.93655 0.49712 0.06345 9.43943
0.22072 0.93749 0.48944 0.06251 9.44805
0.22163 0.93842 0.48187 0.06158 9.45654
0.22255 0.93929 0.47433 0.06071 9.46496
0.22347 0.94017 0.46691 0.05983 9.47326
0.22439 0.94107 0.45963 0.05893 9.48144
0.22530 0.94195 0.45245 0.05805 9.48950
0.22623 0.94278 0.44530 0.05722 9.49749
0.22715 0.94362 0.43826 0.05638 9.50536
0.22808 0.94448 0.43137 0.05552 9.51312
0.22900 0.94532 0.42456 0.05468 9.52076
0.22993 0.94612 0.41781 0.05388 9.52831
0.23086 0.94691 0.41117 0.05309 9.53574
0.23178 0.94773 0.40466 0.05227 9.54307
0.23271 0.94853 0.39824 0.05147 9.55029
0.23364 0.94928 0.39189 0.05072 9.55739
0.23456 0.95004 0.38565 0.04996 9.56439
0.23549 0.95081 0.37952 0.04919 9.57129
0.23642 0.95157 0.37348 0.04843 9.57809
0.23735 0.95228 0.36750 0.04772 9.58478
0.23828 0.95300 0.36162 0.04700 9.59137
0.23921 0.95373 0.35586 0.04627 9.59787
0.24013 0.95445 0.35018 0.04555 9.60427
0.24107 0.95513 0.34453 0.04487 9.61060
0.24200 0.95581 0.33898 0.04419 9.61682
0.24293 0.95650 0.33354 0.04350 9.62296
0.24387 0.95718 0.32818 0.04282 9.62900
0.24480 0.95783 0.32285 0.04217 9.63498
0.24574 0.95847 0.31760 0.04153 9.64087
0.24668 0.95914 0.31246 0.04086 9.64667
0.24762 0.95978 0.30740 0.04022 9.65238
0.24856 0.96039 0.30238 0.03961 9.65801
0.24950 0.96100 0.29744 0.03900 9.66356
0.25044 0.96163 0.29260 0.03837 9.66903
0.25139 0.96224 0.28783 0.03776 9.67441
0.25233 0.96282 0.28311 0.03718 9.67970
0.25327 0.96339 0.27848 0.03661 9.68491
0.25421 0.96398 0.27394 0.03602 9.69005
0.25515 0.96456 0.26947 0.03544 9.69510
0.25610 0.96510 0.26504 0.03490 9.70006
0.25704 0.96565 0.26069 0.03435 9.70495
0.25798 0.96621 0.25643 0.03379 9.70977
0.25892 0.96675 0.25224 0.03325 9.71451
0.25987 0.96726 0.24808 0.03274 9.71918
0.26081 0.96778 0.24399 0.03222 9.72379
0.26176 0.96830 0.23999 0.03170 9.72832
0.26270 0.96881 0.23604 0.03119 9.73277
0.26365 0.96930 0.23212 0.03070 9.73718
0.26460 0.96979 0.22827 0.03021 9.74151
0.26555 0.97028 0.22450 0.02972 9.74578
0.26650 0.97077 0.22079 0.02923 9.74998
0.26745 0.97123 0.21710 0.02877 9.75412
0.26840 0.97169 0.21349 0.02831 9.75820
0.26936 0.97215 0.20994 0.02785 9.76221
0.27031 0.97261 0.20645 0.02739 9.76616
0.27126 0.97304 0.20300 0.02696 9.77005
0.27222 0.97348 0.19961 0.02652 9.77387
0.27317 0.97392 0.19628 0.02608 9.77763
0.27412 0.97435 0.19301 0.02565 9.78134
0.27508 0.97475 0.18978 0.02525 9.78497
0.27603 0.97516 0.18661 0.02484 9.78855
0.27698 0.97557 0.18350 0.02443 9.79207
0.27793 0.97598 0.18044 0.02402 9.79554
0.27889 0.97636 0.17741 0.02364 9.79894
0.27984 0.97674 0.17444 0.02326 9.80230
0.28080 0.97713 0.17153 0.02287 9.80560
0.28175 0.97751 0.16866 0.02249 9.80885
0.28271 0.97787 0.16582 0.02213 9.81205
0.28366 0.97823 0.16303 0.02177 9.81520
0.28462 0.97859 0.16029 0.02141 9.81830
0.28558 0.97895 0.15760 0.02105 9.82135
0.28654 0.97929 0.15493 0.02071 9.82436
0.28750 0.97963 0.15231 0.02037 9.82732
0.28846 0.97997 0.14974 0.02003 9.83023
0.28942 0.98031 0.14721 0.01969 9.83310
0.29039 0.98063 0.14471 0.01937 9.83591
0.29135 0.98094 0.14226 0.01906 9.83869
0.29231 0.98127 0.13986 0.01873 9.84141
0.29327 0.98159 0.13749 0.01841 9.84410
0.29423 0.98188 0.13515 0.01812 9.84673
0.29520 0.98218 0.13286 0.01782 9.84932
0.29616 0.98248 0.13062 0.01752 9.85187
0.29712 0.98278 0.12841 0.01722 9.85437
0.29808 0.98306 0.12622 0.01694 9.85683
0.29904 0.98334 0.12408 0.01666 9.85925
0.30000 0.98362 0.12198 0.01638 9.86164
0.30096 0.98390 0.11992 0.01610 9.86398
0.30192 0.98416 0.11788 0.01584 9.86628
0.30289 0.98442 0.11587 0.01558 9.86855
0.30385 0.98469 0.11390 0.01531 9.87079
0.30481 0.98495 0.11197 0.01505 9.87298
0.30578 0.98520 0.11005 0.01480 9.87514
0.30675 0.98544 0.10817 0.01456 9.87727
0.30771 0.98569 0.10633 0.01431 9.87937
0.30868 0.98594 0.10451 0.01406 9.88142
0.30965 0.98617 0.10272 0.01383 9.88345
0.31062 0.98640 0.10096 0.01360 9.88544
0.31159 0.98663 0.09923 0.01337 9.88740
0.31256 0.98686 0.09753 0.01314 9.88933
0.31352 0.98708 0.09586 0.01292 9.89122
0.31449 0.98729 0.09422 0.01271 9.89308
0.31546 0.98751 0.09261 0.01249 9.89491
0.31643 0.98773 0.09102 0.01227 9.89671
0.31739 0.98793 0.08946 0.01207 9.89847
0.31836 0.98813 0.08793 0.01187 9.90020
0.31933 0.98834 0.08643 0.01166 9.90191
0.32029 0.98854 0.08495 0.01146 9.90359
0.32126 0.98873 0.08349 0.01127 9.90524
0.32223 0.98892 0.08206 0.01108 9.90686
0.32320 0.98911 0.08065 0.01089 9.90845
0.32416 0.98930 0.07927 0.01070 9.91002
0.32513 0.98947 0.07791 0.01053 9.91157
0.32610 0.98965 0.07656 0.01035 9.91308
0.32708 0.98983 0.07525 0.01017 9.91458
0.32805 0.99001 0.07396 0.00999 9.91605
0.32902 0.99017 0.07268 0.00983 9.91749
0.32999 0.99034 0.07142 0.00966 9.91892
0.33097 0.99051 0.07019 0.00949 9.92031
0.33194 0.99067 0.06898 0.00933 9.92169
0.33291 0.99083 0.06779 0.00917 9.92304
0.33389 0.99098 0.06662 0.00902 9.92437
0.33486 0.99114 0.06547 0.00886 9.92567
0.33583 0.99129 0.06434 0.00871 9.92695
0.33680 0.99144 0.06323 0.00856 9.92821
0.33777 0.99158 0.06213 0.00842 9.92945
0.33875 0.99173 0.06107 0.00827 9.93066
0.33972 0.99187 0.06002 0.00813 9.93186
0.34069 0.99201 0.05898 0.00799 9.93303
0.34166 0.99214 0.05796 0.00786 9.93418
0.34263 0.99228 0.05696 0.00772 9.93532
0.34360 0.99242 0.05598 0.00758 9.93643
0.34457 0.99254 0.05501 0.00746 9.93753
0.34554 0.99267 0.05406 0.00733 9.93861
0.34652 0.99280 0.05313 0.00720 9.93967
0.34749 0.99292 0.05221 0.00708 9.94071
0.34847 0.99304 0.05130 0.00696 9.94174
0.34944 0.99316 0.05041 0.00684 9.94275
0.35042 0.99328 0.04954 0.00672 9.94374
0.35139 0.99340 0.04868 0.00660 9.94472
0.35237 0.99351 0.04783 0.00649 9.94568
0.35335 0.99362 0.04700 0.00638 9.94662
0.35433 0.99373 0.04619 0.00627 9.94755
0.35530 0.99384 0.04539 0.00616 9.94846
0.35628 0.99395 0.04460 0.00605 9.94935
0.35725 0.99405 0.04382 0.00595 9.95023
0.35823 0.99415 0.04306 0.00585 9.95109
0.35920 0.99426 0.04232 0.00574 9.95194
0.36018 0.99435 0.04158 0.00565 9.95277
0.36115 0.99445 0.04086 0.00555 9.95359
0.36212 0.99455 0.04016 0.00545 9.95439
0.36310 0.99464 0.03946 0.00536 9.95518
0.36407 0.99473 0.03878 0.00527 9.95596
0.36504 0.99482 0.03810 0.00518 9.95672
0.36602 0.99491 0.03744 0.00509 9.95747
0.36699 0.99500 0.03680 0.00500 9.95821
0.36797 0.99509 0.03615 0.00491 9.95893
0.36895 0.99517 0.03552 0.00483 9.95965
0.36992 0.99526 0.03491 0.00474 9.96035
0.37090 0.99534 0.03430 0.00466 9.96104
0.37188 0.99542 0.03370 0.00458 9.96172
0.37286 0.99550 0.03311 0.00450 9.96238
0.37384 0.99558 0.03254 0.00442 9.96304
0.37482 0.99565 0.03197 0.00435 9.96369
0.37580 0.99573 0.03141 0.00427 9.96432
0.37678 0.99580 0.03086 0.00420 9.96494
0.37776 0.99588 0.03032 0.00412 9.96555
0.37873 0.99595 0.02980 0.00405 9.96615
0.37971 0.99602 0.02928 0.00398 9.96674
0.38069 0.99608 0.02877 0.00392 9.96732
0.38166 0.99615 0.02827 0.00385 9.96788
0.38264 0.99622 0.02778 0.00378 9.96844
0.38361 0.99629 0.02729 0.00371 9.96899
0.38459 0.99635 0.02682 0.00365 9.96953
0.38556 0.99641 0.02636 0.00359 9.97006
0.38654 0.99648 0.02590 0.00352 9.97058
0.38751 0.99654 0.02545 0.00346 9.97109
0.38849 0.99660 0.02500 0.00340 9.97159
0.38947 0.99666 0.02457 0.00334 9.97209
0.39045 0.99671 0.02414 0.00329 9.97257
0.39143 0.99677 0.02372 0.00323 9.97305
0.39241 0.99683 0.02330 0.00317 9.97353
0.39339 0.99688 0.02289 0.00312 9.97399
0.39437 0.99694 0.02249 0.00306 9.97444
0.39535 0.99699 0.02210 0.00301 9.97489
0.39633 0.99704 0.02171 0.00296 9.97533
0.39731 0.99709 0.02133 0.00291 9.97576
0.39830 0.99715 0.02096 0.00285 9.97618
0.39927 0.99719 0.02059 0.00281 9.97660
0.40025 0.99724 0.02023 0.00276 9.97701
0.40123 0.99729 0.01988 0.00271 9.97741
0.40221 0.99734 0.01954 0.00266 9.97780
0.40318 0.99738 0.01920 0.00262 9.97819
0.40416 0.99743 0.01886 0.00257 9.97857
0.40514 0.99747 0.01853 0.00253 9.97894
0.40611 0.99752 0.01821 0.00248 9.97931
0.40709 0.99756 0.01789 0.00244 9.97967
0.40807 0.99760 0.01758 0.00240 9.98002
0.40904 0.99765 0.01728 0.00235 9.98037
0.41002 0.99769 0.01697 0.00231 9.98071
0.41100 0.99773 0.01668 0.00227 9.98105
0.41198 0.99777 0.01638 0.00223 9.98138
0.41296 0.99781 0.01610 0.00219 9.98171
0.41394 0.99784 0.01582 0.00216 9.98203
0.41493 0.99788 0.01554 0.00212 9.98234
0.41591 0.99792 0.01527 0.00208 9.98265
0.41689 0.99796 0.01500 0.00204 9.98296
0.41788 0.99799 0.01474 0.00201 9.98326
0.41886 0.99803 0.01448 0.00197 9.98355
0.41984 0.99806 0.01422 0.00194 9.98384
0.42082 0.99809 0.01398 0.00191 9.98412
0.42180 0.99813 0.01373 0.00187 9.98440
0.42278 0.99816 0.01349 0.00184 9.98467
0.42376 0.99819 0.01326 0.00181 9.98494
0.42473 0.99822 0.01302 0.00178 9.98520
0.42571 0.99826 0.01280 0.00174 9.98546
0.42669 0.99828 0.01257 0.00172 9.98571
0.42766 0.99831 0.01235 0.00169 9.98596
0.42864 0.99834 0.01214 0.00166 9.98620
0.42962 0.99837 0.01193 0.00163 9.98644
0.43060 0.99840 0.01172 0.00160 9.98668
0.43158 0.99843 0.01151 0.00157 9.98691
0.43256 0.99846 0.01131 0.00154 9.98714
0.43354 0.99848 0.01112 0.00152 9.98737
0.43452 0.99851 0.01092 0.00149 9.98759
0.43551 0.99854 0.01073 0.00146 9.98781
0.43649 0.99856 0.01054 0.00144 9.98802
0.43747 0.99859 0.01036 0.00141 9.98823
0.43846 0.99861 0.01017 0.00139 9.98844
0.43944 0.99864 0.00999 0.00136 9.98864
0.44042 0.99866 0.00982 0.00134 9.98884
0.44141 0.99868 0.00965 0.00132 9.98904
0.44239 0.99871 0.00948 0.00129 9.98923
0.44337 0.99873 0.00931 0.00127 9.98942
0.44435 0.99875 0.00915 0.00125 9.98960
0.44533 0.99877 0.00899 0.00123 9.98978
0.44630 0.99879 0.00883 0.00121 9.98996
0.44728 0.99882 0.00868 0.00118 9.99014
0.44825 0.99884 0.00853 0.00116 9.99031
0.44923 0.99886 0.00838 0.00114 9.99048
0.45021 0.99888 0.00823 0.00112 9.99064
0.45119 0.99890 0.00809 0.00110 9.99081
0.45217 0.99892 0.00795 0.00108 9.99097
0.45314 0.99893 0.00781 0.00107 9.99113
0.45413 0.99895 0.00767 0.00105 9.99128
0.45511 0.99897 0.00754 0.00103 9.99144
0.45609 0.99899 0.00740 0.00101 9.99159
0.45708 0.99901 0.00727 0.00099 9.99173
0.45806 0.99902 0.00715 0.00098 9.99188
0.45905 0.99904 0.00702 0.00096 9.99202
0.46004 0.99906 0.00690 0.00094 9.99216
0.46102 0.99908 0.00678 0.00092 9.99230
0.46200 0.99909 0.00666 0.00091 9.99244
0.46299 0.99911 0.00654 0.00089 9.99257
0.46397 0.99912 0.00642 0.00088 9.99270
0.46495 0.99914 0.00631 0.00086 9.99283
0.46595 0.99915 0.00620 0.00085 9.99295
0.46694 0.99917 0.00609 0.00083 9.99308
0.46793 0.99918 0.00598 0.00082 9.99320
0.46892 0.99920 0.00588 0.00080 9.99332
0.46993 0.99921 0.00577 0.00079 9.99344
0.47093 0.99923 0.00567 0.00077 9.99356
0.47193 0.99924 0.00557 0.00076 9.99367
0.47293 0.99925 0.00547 0.00075 9.99379
0.47393 0.99927 0.00537 0.00073 9.99390
0.47493 0.99928 0.00527 0.00072 9.99401
0.47593 0.99929 0.00518 0.00071 9.99411
0.47693 0.99931 0.00509 0.00069 9.99422
0.47792 0.99932 0.00500 0.00068 9.99432
0.47891 0.99933 0.00491 0.00067 9.99442
0.47990 0.99934 0.00482 0.00066 9.99452
0.48089 0.99935 0.00474 0.00065 9.99462
0.48188 0.99936 0.00465 0.00064 9.99471
0.48286 0.99938 0.00457 0.00062 9.99480
0.48384 0.99939 0.00449 0.00061 9.99490
0.48482 0.99940 0.00441 0.00060 9.99499
0.48581 0.99941 0.00433 0.00059 9.99507
0.48680 0.99942 0.00426 0.00058 9.99516
0.48778 0.99943 0.00418 0.00057 9.99525
0.48877 0.99944 0.00411 0.00056 9.99533
0.48977 0.99945 0.00404 0.00055 9.99541
0.49077 0.99946 0.00396 0.00054 9.99549
0.49177 0.99947 0.00389 0.00053 9.99558
0.49277 0.99948 0.00382 0.00052 9.99565
0.49377 0.99949 0.00375 0.00051 9.99573
0.49478 0.99950 0.00369 0.00050 9.99581
0.49578 0.99951 0.00362 0.00049 9.99588
0.49679 0.99951 0.00356 0.00049 9.99596
0.49778 0.99952 0.00349 0.00048 9.99603
0.49878 0.99953 0.00343 0.00047 9.99610
0.49977 0.99954 0.00337 0.00046 9.99617
0.50077 0.99955 0.00331 0.00045 9.99624
0.50175 0.99956 0.00325 0.00044 9.99630
0.50274 0.99956 0.00319 0.00044 9.99637
0.50372 0.99957 0.00314 0.00043 9.99643
0.50470 0.99958 0.00308 0.00042 9.99650
0.50569 0.99959 0.00303 0.00041 9.99656
0.50667 0.99959 0.00298 0.00041 9.99662
0.50765 0.99960 0.00292 0.00040 9.99668
0.50863 0.99961 0.00287 0.00039 9.99674
0.50963 0.99961 0.00282 0.00039 9.99679
0.51062 0.99962 0.00277 0.00038 9.99685
0.51162 0.99963 0.00272 0.00037 9.99691
0.51261 0.99964 0.00267 0.00036 9.99696
0.51362 0.99964 0.00263 0.00036 9.99702
0.51462 0.99965 0.00258 0.00035 9.99707
0.51563 0.99965 0.00253 0.00035 9.99712
0.51663 0.99966 0.00249 0.00034 9.99717
0.51764 0.99967 0.00244 0.00033 9.99722
0.51864 0.99967 0.00240 0.00033 9.99727
0.51964 0.99968 0.00236 0.00032 9.99732
0.52064 0.99968 0.00231 0.00032 9.99737
0.52163 0.99969 0.00227 0.00031 9.99742
0.52262 0.99969 0.00223 0.00031 9.99746
0.52361 0.99970 0.00219 0.00030 9.99751
0.52459 0.99971 0.00215 0.00029 9.99755
0.52557 0.99971 0.00212 0.00029 9.99759
0.52655 0.99972 0.00208 0.00028 9.99764
0.52753 0.99972 0.00204 0.00028 9.99768
0.52851 0.99973 0.00201 0.00027 9.99772
0.52950 0.99973 0.00197 0.00027 9.99776
0.53049 0.99974 0.00194 0.00026 9.99780
0.53148 0.99974 0.00190 0.00026 9.99784
0.53246 0.99974 0.00187 0.00026 9.99788
0.53347 0.99975 0.00184 0.00025 9.99791
0.53447 0.99975 0.00180 0.00025 9.99795
0.53547 0.99976 0.00177 0.00024 9.99799
0.53647 0.99976 0.00174 0.00024 9.99802
0.53748 0.99977 0.00171 0.00023 9.99806
0.53849 0.99977 0.00168 0.00023 9.99809
0.53950 0.99978 0.00165 0.00022 9.99813
0.54050 0.99978 0.00162 0.00022 9.99816
0.54150 0.99978 0.00159 0.00022 9.99819
0.54249 0.99979 0.00156 0.00021 9.99823
0.54349 0.99979 0.00153 0.00021 9.99826
0.54448 0.99979 0.00151 0.00021 9.99829
0.54547 0.99980 0.00148 0.00020 9.99832
0.54645 0.99980 0.00145 0.00020 9.99835
0.54743 0.99981 0.00143 0.00019 9.99838
0.54841 0.99981 0.00140 0.00019 9.99841
0.54939 0.99981 0.00138 0.00019 9.99843
0.55037 0.99981 0.00135 0.00019 9.99846
0.55135 0.99982 0.00133 0.00018 9.99849
0.55233 0.99982 0.00131 0.00018 9.99851
0.55333 0.99982 0.00128 0.00018 9.99854
0.55432 0.99983 0.00126 0.00017 9.99857
0.55532 0.99983 0.00124 0.00017 9.99859
0.55632 0.99983 0.00122 0.00017 9.99862
0.55732 0.99984 0.00119 0.00016 9.99864
0.55833 0.99984 0.00117 0.00016 9.99867
0.55934 0.99984 0.00115 0.00016 9.99869
0.56035 0.99985 0.00113 0.00015 9.99871
0.56136 0.99985 0.00111 0.00015 9.99874
0.56236 0.99985 0.00109 0.00015 9.99876
0.56336 0.99985 0.00107 0.00015 9.99878
0.56437 0.99986 0.00105 0.00014 9.99880
0.56535 0.99986 0.00103 0.00014 9.99883
0.56634 0.99986 0.00101 0.00014 9.99885
0.56732 0.99986 0.00100 0.00014 9.99887
0.56831 0.99987 0.00098 0.00013 9.99889
0.56928 0.99987 0.00096 0.00013 9.99891
0.57026 0.99987 0.00095 0.00013 9.99892
0.57124 0.99987 0.00093 0.00013 9.99894
0.57221 0.99988 0.00091 0.00012 9.99896
0.57320 0.99988 0.00090 0.00012 9.99898
0.57419 0.99988 0.00088 0.00012 9.99900
0.57518 0.99988 0.00087 0.00012 9.99902
0.57616 0.99988 0.00085 0.00012 9.99903
0.57717 0.99989 0.00083 0.00011 9.99905
0.57818 0.99989 0.00082 0.00011 9.99907
0.57918 0.99989 0.00081 0.00011 9.99908
0.58019 0.99989 0.00079 0.00011 9.99910
0.58120 0.99989 0.00078 0.00011 9.99912
0.58221 0.99990 0.00076 0.00010 9.99913
0.58322 0.99990 0.00075 0.00010 9.99915
0.58423 0.99990 0.00074 0.00010 9.99916
0.58523 0.99990 0.00072 0.00010 9.99918
0.58622 0.99990 0.00071 0.00010 9.99919
0.58722 0.99990 0.00070 0.00010 9.99921
0.58821 0.99991 0.00068 0.00009 9.99922
0.58918 0.99991 0.00067 0.00009 9.99924
0.59016 0.99991 0.00066 0.00009 9.99925
0.59114 0.99991 0.00065 0.00009 9.99926
0.59211 0.99991 0.00064 0.00009 9.99928
0.59309 0.99991 0.00063 0.00009 9.99929
0.59407 0.99992 0.00062 0.00008 9.99930
0.59505 0.99992 0.00061 0.00008 9.99931
0.59603 0.99992 0.00059 0.00008 9.99932
0.59703 0.99992 0.00058 0.00008 9.99934
0.59803 0.99992 0.00057 0.00008 9.99935
0.59903 0.99992 0.00056 0.00008 9.99936
0.60003 0.99992 0.00055 0.00008 9.99937
0.60104 0.99993 0.00054 0.00007 9.99938
0.60205 0.99993 0.00053 0.00007 9.99939
0.60307 0.99993 0.00052 0.00007 9.99940
0.60408 0.99993 0.00051 0.00007 9.99942
0.60509 0.99993 0.00050 0.00007 9.99943
0.60609 0.99993 0.00050 0.00007 9.99944
0.60710 0.99993 0.00049 0.00007 9.99945
0.60810 0.99994 0.00048 0.00006 9.99946
0.60908 0.99994 0.00047 0.00006 9.99947
0.61006 0.99994 0.00046 0.00006 9.99948
0.61104 0.99994 0.00045 0.00006 9.99948
0.61202 0.99994 0.00045 0.00006 9.99949
0.61300 0.99994 0.00044 0.00006 9.99950
0.61397 0.99994 0.00043 0.00006 9.99951
0.61494 0.99994 0.00042 0.00006 9.99952
0.61591 0.99994 0.00042 0.00006 9.99953
0.61690 0.99994 0.00041 0.00006 9.99954
0.61789 0.99994 0.00040 0.00006 9.99954
0.61888 0.99995 0.00039 0.00005 9.99955
0.61987 0.99995 0.00039 0.00005 9.99956
0.62088 0.99995 0.00038 0.00005 9.99957
0.62189 0.99995 0.00037 0.00005 9.99958
0.62290 0.99995 0.00037 0.00005 9.99958
0.62392 0.99995 0.00036 0.00005 9.99959
0.62493 0.99995 0.00035 0.00005 9.99960
0.62594 0.99995 0.00035 0.00005 9.99961
0.62696 0.99995 0.00034 0.00005 9.99961
0.62797 0.99995 0.00033 0.00005 9.99962
0.62896 0.99996 0.00033 0.00004 9.99963
0.62996 0.99996 0.00032 0.00004 9.99963
0.63095 0.99996 0.00032 0.00004 9.99964
0.63194 0.99996 0.00031 0.00004 9.99965
0.63291 0.99996 0.00031 0.00004 9.99965
0.63388 0.99996 0.00030 0.00004 9.99966
0.63485 0.99996 0.00030 0.00004 9.99966
0.63582 0.99996 0.00029 0.00004 9.99967
0.63679 0.99996 0.00028 0.00004 9.99968
0.63777 0.99996 0.00028 0.00004 9.99968
0.63875 0.99996 0.00028 0.00004 9.99969
0.63972 0.99996 0.00027 0.00004 9.99969
0.64073 0.99996 0.00027 0.00004 9.99970
0.64173 0.99996 0.00026 0.00004 9.99970
0.64274 0.99997 0.00026 0.00003 9.99971
0.64374 0.99997 0.00025 0.00003 9.99971
0.64476 0.99997 0.00025 0.00003 9.99972
0.64578 0.99997 0.00024 0.00003 9.99972
0.64680 0.99997 0.00024 0.00003 9.99973
0.64782 0.99997 0.00023 0.00003 9.99973
0.64883 0.99997 0.00023 0.00003 9.99974
0.64983 0.99997 0.00023 0.00003 9.99974
0.65084 0.99997 0.00022 0.00003 9.99975
0.65184 0.99997 0.00022 0.00003 9.99975
0.65282 0.99997 0.00021 0.00003 9.99976
0.65379 0.99997 0.00021 0.00003 9.99976
0.65477 0.99997 0.00021 0.00003 9.99977
0.65574 0.99997 0.00020 0.00003 9.99977
0.65671 0.99997 0.00020 0.00003 9.99977
0.65767 0.99997 0.00020 0.00003 9.99978
0.65864 0.99997 0.00019 0.00003 9.99978
0.65961 0.99997 0.00019 0.00003 9.99979
0.66060 0.99997 0.00019 0.00003 9.99979
0.66159 0.99997 0.00018 0.00003 9.99979
0.66258 0.99998 0.00018 0.00002 9.99980
0.66357 0.99998 0.00018 0.00002 9.99980
0.66459 0.99998 0.00017 0.00002 9.99980
0.66561 0.99998 0.00017 0.00002 9.99981
0.66663 0.99998 0.00017 0.00002 9.99981
0.66765 0.99998 0.00016 0.00002 9.99981
0.66867 0.99998 0.00016 0.00002 9.99982
0.66968 0.99998 0.00016 0.00002 9.99982
0.67070 0.99998 0.00015 0.00002 9.99982
0.67172 0.99998 0.00015 0.00002 9.99983
0.67271 0.99998 0.00015 0.00002 9.99983
0.67369 0.99998 0.00015 0.00002 9.99983
0.67468 0.99998 0.00014 0.00002 9.99984
0.67567 0.99998 0.00014 0.00002 9.99984
0.67663 0.99998 0.00014 0.00002 9.99984
0.67759 0.99998 0.00014 0.00002 9.99984
0.67856 0.99998 0.00013 0.00002 9.99985
0.67952 0.99998 0.00013 0.00002 9.99985
0.68050 0.99998 0.00013 0.00002 9.99985
0.68147 0.99998 0.00013 0.00002 9.99986
0.68245 0.99998 0.00013 0.00002 9.99986
0.68342 0.99998 0.00012 0.00002 9.99986
0.68443 0.99998 0.00012 0.00002 9.99986
0.68544 0.99998 0.00012 0.00002 9.99987
0.68645 0.99998 0.00012 0.00002 9.99987
0.68746 0.99998 0.00011 0.00002 9.99987
0.68849 0.99998 0.00011 0.00002 9.99987
0.68952 0.99998 0.00011 0.00002 9.99987
0.69054 0.99999 0.00011 0.00001 9.99988
0.69157 0.99999 0.00011 0.00001 9.99988
0.69257 0.99999 0.00010 0.00001 9.99988
0.69358 0.99999 0.00010 0.00001 9.99988
0.69458 0.99999 0.00010 0.00001 9.99989
0.69559 0.99999 0.00010 0.00001 9.99989
0.69655 0.99999 0.00010 0.00001 9.99989
0.69752 0.99999 0.00010 0.00001 9.99989
0.69849 0.99999 0.00009 0.00001 9.99989
0.69946 0.99999 0.00009 0.00001 9.99990
0.70042 0.99999 0.00009 0.00001 9.99990
0.70138 0.99999 0.00009 0.00001 9.99990
0.70234 0.99999 0.00009 0.00001 9.99990
0.70330 0.99999 0.00009 0.00001 9.99990
0.70430 0.99999 0.00008 0.00001 9.99990
0.70529 0.99999 0.00008 0.00001 9.99991
0.70628 0.99999 0.00008 0.00001 9.99991
0.70728 0.99999 0.00008 0.00001 9.99991
0.70830 0.99999 0.00008 0.00001 9.99991
0.70933 0.99999 0.00008 0.00001 9.99991
0.71036 0.99999 0.00008 0.00001 9.99991
0.71139 0.99999 0.00007 0.00001 9.99992
0.71241 0.99999 0.00007 0.00001 9.99992
0.71343 0.99999 0.00007 0.00001 9.99992
0.71446 0.99999 0.00007 0.00001 9.99992
0.71548 0.99999 0.00007 0.00001 9.99992
0.71646 0.99999 0.00007 0.00001 9.99992
0.71744 0.99999 0.00007 0.00001 9.99992
0.71842 0.99999 0.00007 0.00001 9.99993
0.71940 0.99999 0.00006 0.00001 9.99993
0.72036 0.99999 0.00006 0.00001 9.99993
0.72131 0.99999 0.00006 0.00001 9.99993
0.72227 0.99999 0.00006 0.00001 9.99993
0.72322 0.99999 0.00006 0.00001 9.99993
0.72419 0.99999 0.00006 0.00001 9.99993
0.72517 0.99999 0.00006 0.00001 9.99993
0.72614 0.99999 0.00006 0.00001 9.99994
0.72711 0.99999 0.00006 0.00001 9.99994
0.72813 0.99999 0.00005 0.00001 9.99994
0.72915 0.99999 0.00005 0.00001 9.99994
0.73017 0.99999 0.00005 0.00001 9.99994
0.73119 0.99999 0.00005 0.00001 9.99994
0.73222 0.99999 0.00005 0.00001 9.99994
0.73326 0.99999 0.00005 0.00001 9.99994
0.73429 0.99999 0.00005 0.00001 9.99994
0.73533 0.99999 0.00005 0.00001 9.99995
0.73633 0.99999 0.00005 0.00001 9.99995
0.73733 0.99999 0.00005 0.00001 9.99995
0.73834 0.99999 0.00005 0.00001 9.99995
0.73934 0.99999 0.00005 0.00001 9.99995
0.74030 0.99999 0.00004 0.00001 9.99995
0.74125 0.99999 0.00004 0.00001 9.99995
0.74221 0.99999 0.00004 0.00001 9.99995
0.74317 0.99999 0.00004 0.00001 9.99995
0.74412 0.99999 0.00004 0.00001 9.99995
0.74508 0.99999 0.00004 0.00001 9.99995
0.74603 0.99999 0.00004 0.00001 9.99995
0.74699 0.99999 0.00004 0.00001 9.99996
0.74799 0.99999 0.00004 0.00001 9.99996
0.74899 0.99999 0.00004 0.00001 9.99996
0.74999 1.00000 0.00004 0.00000 9.99996
0.75098 1.00000 0.00004 0.00000 9.99996
0.75202 0.99999 0.00004 0.00001 9.99996
0.75306 0.99999 0.00003 0.00001 9.99996
0.75410 1.00000 0.00003 0.00000 9.99996
0.75514 1.00000 0.00003 0.00000 9.99996
0.75617 1.00000 0.00003 0.00000 9.99996
0.75719 1.00000 0.00003 0.00000 9.99996
0.75822 1.00000 0.00003 0.00000 9.99996
0.75925 1.00000 0.00003 0.00000 9.99996
0.76022 1.00000 0.00003 0.00000 9.99996
0.76119 1.00000 0.00003 0.00000 9.99997
0.76216 1.00000 0.00003 0.00000 9.99997
0.76314 1.00000 0.00003 0.00000 9.99997
0.76408 1.00000 0.00003 0.00000 9.99997
0.76503 1.00000 0.00003 0.00000 9.99997
0.76597 1.00000 0.00003 0.00000 9.99997
0.76691 1.00000 0.00003 0.00000 9.99997
0.76789 1.00000 0.00003 0.00000 9.99997
0.76886 1.00000 0.00003 0.00000 9.99997
0.76983 1.00000 0.00003 0.00000 9.99997
0.77081 1.00000 0.00003 0.00000 9.99997
0.77184 1.00000 0.00002 0.00000 9.99997
0.77287 1.00000 0.00002 0.00000 9.99997
0.77389 1.00000 0.00002 0.00000 9.99997
0.77492 1.00000 0.00002 0.00000 9.99997
0.77597 1.00000 0.00002 0.00000 9.99997
0.77701 1.00000 0.00002 0.00000 9.99997
0.77806 1.00000 0.00002 0.00000 9.99997
0.77911 1.00000 0.00002 0.00000 9.99998
0.78010 1.00000 0.00002 0.00000 9.99998
0.78110 1.00000 0.00002 0.00000 9.99998
0.78210 1.00000 0.00002 0.00000 9.99998
0.78310 1.00000 0.00002 0.00000 9.99998
0.78404 1.00000 0.00002 0.00000 9.99998
0.78499 1.00000 0.00002 0.00000 9.99998
0.78593 1.00000 0.00002 0.00000 9.99998
0.78688 1.00000 0.00002 0.00000 9.99998
0.78783 1.00000 0.00002 0.00000 9.99998
0.78878 1.00000 0.00002 0.00000 9.99998
0.78973 1.00000 0.00002 0.00000 9.99998
0.79067 1.00000 0.00002 0.00000 9.99998
0.79168 1.00000 0.00002 0.00000 9.99998
0.79269 1.00000 0.00002 0.00000 9.99998
0.79369 1.00000 0.00002 0.00000 9.99998
0.79470 1.00000 0.00002 0.00000 9.99998
0.79575 1.00000 0.00002 0.00000 9.99998
0.79681 1.00000 0.00002 0.00000 9.99998
0.79786 1.00000 0.00002 0.00000 9.99998
0.79891 1.00000 0.00002 0.00000 9.99998
0.79994 1.00000 0.00001 0.00000 9.99998
0.80097 1.00000 0.00001 0.00000 9.99998
0.80200 1.00000 0.00001 0.00000 9.99998
0.80303 1.00000 0.00001 0.00000 9.99998
0.80399 1.00000 0.00001 0.00000 9.99998
0.80495 1.00000 0.00001 0.00000 9.99998
0.80591 1.00000 0.00001 0.00000 9.99998
0.80687 1.00000 0.00001 0.00000 9.99998
0.80781 1.00000 0.00001 0.00000 9.99999
0.80874 1.00000 0.00001 0.00000 9.99999
0.80967 1.00000 0.00001 0.00000 9.99999
0.81060 1.00000 0.00001 0.00000 9.99999
0.81158 1.00000 0.00001 0.00000 9.99999
0.81255 1.00000 0.00001 0.00000 9.99999
0.81353 1.00000 0.00001 0.00000 9.99999
0.81450 1.00000 0.00001 0.00000 9.99999
0.81554 1.00000 0.00001 0.00000 9.99999
0.81659 1.00000 0.00001 0.00000 9.99999
0.81763 1.00000 0.00001 0.00000 9.99999
0.81868 1.00000 0.00001 0.00000 9.99999
0.81973 1.00000 0.00001 0.00000 9.99999
0.82079 1.00000 0.00001 0.00000 9.99999
0.82184 1.00000 0.00001 0.00000 9.99999
0.82290 1.00000 0.00001 0.00000 9.99999
0.82389 1.00000 0.00001 0.00000 9.99999
0.82488 1.00000 0.00001 0.00000 9.99999
0.82588 1.00000 0.00001 0.00000 9.99999
0.82687 1.00000 0.00001 0.00000 9.99999
0.82780 1.00000 0.00001 0.00000 9.99999
0.82873 1.00000 0.00001 0.00000 9.99999
0.82966 1.00000 0.00001 0.00000 9.99999
0.83059 1.00000 0.00001 0.00000 9.99999
0.83153 1.00000 0.00001 0.00000 9.99999
0.83247 1.00000 0.00001 0.00000 9.99999
0.83342 1.00000 0.00001 0.00000 9.99999
0.83436 1.00000 0.00001 0.00000 9.99999
0.83537 1.00000 0.00001 0.00000 9.99999
0.83639 1.00000 0.00001 0.00000 9.99999
0.83741 1.00000 0.00001 0.00000 9.99999
0.83842 1.00000 0.00001 0.00000 9.99999
0.83949 1.00000 0.00001 0.00000 9.99999
0.84056 1.00000 0.00001 0.00000 9.99999
0.84163 1.00000 0.00001 0.00000 9.99999
0.84270 1.00000 0.00001 0.00000 9.99999
0.84373 1.00000 0.00001 0.00000 9.99999
0.84476 1.00000 0.00001 0.00000 9.99999
0.84580 1.00000 0.00001 0.00000 9.99999
0.84683 1.00000 0.00001 0.00000 9.99999
0.84777 1.00000 0.00001 0.00000 9.99999
0.84872 1.00000 0.00001 0.00000 9.99999
0.84967 1.00000 0.00001 0.00000 9.99999
0.85062 1.00000 0.00001 0.00000 9.99999
0.85153 1.00000 0.00001 0.00000 9.99999
0.85245 1.00000 0.00001 0.00000 9.99999
0.85337 1.00000 0.00001 0.00000 9.99999
0.85429 1.00000 0.00001 0.00000 9.99999
0.85527 1.00000 0.00001 0.00000 9.99999
0.85624 1.00000 0.00001 0.00000 9.99999
0.85722 1.00000 0.00001 0.00000 9.99999
0.85820 1.00000 0.00001 0.00000 9.99999
0.85926 1.00000 0.00001 0.00000 9.99999
0.86032 1.00000 0.00000 0.00000 9.99999
0.86138 1.00000 0.00001 0.00000 9.99999
0.86245 1.00000 0.00001 0.00000 9.99999
0.86351 1.00000 0.00000 0.00000 9.99999
0.86458 1.00000 0.00000 0.00000 9.99999
0.86565 1.00000 0.00000 0.00000 9.99999
0.86672 1.00000 0.00000 0.00000 9.99999
0.86770 1.00000 0.00000 0.00000 9.99999
0.86868 1.00000 0.00000 0.00000 9.99999
0.86967 1.00000 0.00000 0.00000 10.00000
0.87065 1.00000 0.00000 0.00000 10.00000
0.87156 1.00000 0.00000 0.00000 10.00000
0.87247 1.00000 0.00000 0.00000 10.00000
0.87339 1.00000 0.00000 0.00000 10.00000
0.87430 1.00000 0.00000 0.00000 10.00000
0.87523 1.00000 0.00000 0.00000 10.00000
0.87617 1.00000 0.00000 0.00000 10.00000
0.87711 1.00000 0.00000 0.00000 10.00000
0.87804 1.00000 0.00000 0.00000 10.00000
0.87907 1.00000 0.00000 0.00000 10.00000
0.88010 1.00000 0.00000 0.00000 10.00000
0.88113 1.00000 0.00000 0.00000 10.00000
0.88216 1.00000 0.00000 0.00000 10.00000
0.88325 1.00000 0.00000 0.00000 10.00000
0.88434 1.00000 0.00000 0.00000 10.00000
0.88543 1.00000 0.00000 0.00000 10.00000
0.88652 1.00000 0.00000 -0.00000 10.00000
0.88755 1.00000 0.00000 0.00000 10.00000
0.88858 1.00000 0.00000 0.00000 10.00000
0.88961 1.00000 0.00000 0.00000 10.00000
0.89064 1.00000 0.00000 -0.00000 10.00000
0.89157 1.00000 0.00000 0.00000 10.00000
0.89250 1.00000 0.00000 0.00000 10.00000
0.89343 1.00000 0.00000 0.00000 10.00000
0.89436 1.00000 0.00000 -0.00000 10.00000
0.89527 1.00000 0.00000 0.00000 10.00000
0.89617 1.00000 0.00000 0.00000 10.00000
0.89707 1.00000 0.00000 0.00000 10.00000
0.89798 1.00000 0.00000 0.00000 10.00000
0.89896 1.00000 0.00000 0.00000 10.00000
0.89994 1.00000 0.00000 0.00000 10.00000
0.90093 1.00000 0.00000 0.00000 10.00000
0.90191 1.00000 0.00000 0.00000 10.00000
0.90299 1.00000 0.00000 0.00000 10.00000
0.90408 1.00000 0.00000 0.00000 10.00000
0.90516 1.00000 0.00000 0.00000 10.00000
0.90624 1.00000 0.00000 -0.00000 10.00000
0.90732 1.00000 0.00000 0.00000 10.00000
0.90840 1.00000 0.00000 0.00000 10.00000
0.90948 1.00000 0.00000 0.00000 10.00000
0.91056 1.00000 0.00000 -0.00000 10.00000
0.91153 1.00000 0.00000 0.00000 10.00000
0.91250 1.00000 0.00000 0.00000 10.00000
0.91347 1.00000 0.00000 0.00000 10.00000
0.91444 1.00000 0.00000 -0.00000 10.00000
0.91533 1.00000 0.00000 0.00000 10.00000
0.91623 1.00000 0.00000 0.00000 10.00000
0.91712 1.00000 0.00000 0.00000 10.00000
0.91801 1.00000 0.00000 -0.00000 10.00000
0.91894 1.00000 0.00000 0.00000 10.00000
0.91987 1.00000 0.00000 0.00000 10.00000
0.92080 1.00000 0.00000 0.00000 10.00000
0.92173 1.00000 0.00000 0.00000 10.00000
0.92278 1.00000 0.00000 0.00000 10.00000
0.92383 1.00000 0.00000 0.00000 10.00000
0.92488 1.00000 0.00000 0.00000 10.00000
0.92593 1.00000 0.00000 -0.00000 10.00000
0.92704 1.00000 0.00000 0.00000 10.00000
0.92815 1.00000 0.00000 0.00000 10.00000
0.92926 1.00000 0.00000 0.00000 10.00000
0.93037 1.00000 0.00000 -0.00000 10.00000
0.93140 1.00000 0.00000 0.00000 10.00000
0.93243 1.00000 0.00000 0.00000 10.00000
0.93346 1.00000 0.00000 0.00000 10.00000
0.93449 1.00000 0.00000 -0.00000 10.00000
0.93539 1.00000 0.00000 0.00000 10.00000
0.93630 1.00000 0.00000 0.00000 10.00000
0.93721 1.00000 0.00000 0.00000 10.00000
0.93812 1.00000 0.00000 -0.00000 10.00000
0.93901 1.00000 0.00000 0.00000 10.00000
0.93990 1.00000 0.00000 0.00000 10.00000
0.94079 1.00000 0.00000 0.00000 10.00000
0.94167 1.00000 0.00000 -0.00000 10.00000
0.94266 1.00000 0.00000 0.00000 10.00000
0.94366 1.00000 0.00000 0.00000 10.00000
0.94465 1.00000 0.00000 0.00000 10.00000
0.94564 1.00000 0.00000 -0.00000 10.00000
0.94675 1.00000 0.00000 0.00000 10.00000
0.94785 1.00000 0.00000 0.00000 10.00000
0.94896 1.00000 0.00000 0.00000 10.00000
0.95007 1.00000 0.00000 -0.00000 10.00000
0.95116 1.00000 0.00000 0.00000 10.00000
0.95225 1.00000 0.00000 0.00000 10.00000
0.95334 1.00000 0.00000 -0.00000 10.00000
0.95443 1.00000 0.00000 -0.00000 10.00000
0.95539 1.00000 0.00000 0.00000 10.00000
0.95634 1.00000 0.00000 0.00000 10.00000
0.95730 1.00000 0.00000 -0.00000 10.00000
0.95825 1.00000 0.00000 -0.00000 10.00000
0.95912 1.00000 0.00000 0.00000 10.00000
0.95999 1.00000 0.00000 0.00000 10.00000
0.96087 1.00000 0.00000 0.00000 10.00000
0.96174 1.00000 0.00000 -0.00000 10.00000
0.96266 1.00000 0.00000 0.00000 10.00000
0.96359 1.00000 0.00000 0.00000 10.00000
0.96452 1.00000 0.00000 0.00000 10.00000
0.96544 1.00000 0.00000 -0.00000 10.00000
0.96651 1.00000 0.00000 0.00000 10.00000
0.96758 1.00000 0.00000 0.00000 10.00000
0.96865 1.00000 0.00000 0.00000 10.00000
0.96972 1.00000 0.00000 -0.00000 10.00000
0.97085 1.00000 0.00000 0.00000 10.00000
0.97198 1.00000 0.00000 0.00000 10.00000
0.97312 1.00000 0.00000 -0.00000 10.00000
0.97425 1.00000 0.00000 -0.00000 10.00000
0.97527 1.00000 0.00000 0.00000 10.00000
0.97630 1.00000 0.00000 0.00000 10.00000
0.97732 1.00000 0.00000 -0.00000 10.00000
0.97835 1.00000 0.00000 -0.00000 10.00000
0.97923 1.00000 0.00000 0.00000 10.00000
0.98012 1.00000 0.00000 0.00000 10.00000
0.98101 1.00000 0.00000 -0.00000 10.00000
0.98189 1.00000 0.00000 -0.00000 10.00000
0.98277 1.00000 0.00000 0.00000 10.00000
0.98364 1.00000 0.00000 0.00000 10.00000
0.98451 1.00000 0.00000 0.00000 10.00000
0.98539 1.00000 0.00000 -0.00000 10.00000
0.98639 1.00000 0.00000 0.00000 10.00000
0.98739 1.00000 0.00000 0.00000 10.00000
0.98839 1.00000 0.00000 0.00000 10.00000
0.98939 1.00000 0.00000 -0.00000 10.00000
0.99053 1.00000 0.00000 0.00000 10.00000
0.99166 1.00000 0.00000 0.00000 10.00000
0.99280 1.00000 0.00000 -0.00000 10.00000
0.99393 1.00000 0.00000 -0.00000 10.00000
0.99503 1.00000 0.00000 0.00000 10.00000
0.99613 1.00000 -0.00000 0.00000 10.00000
0.99723 1.00000 0.00000 -0.00000 10.00000
0.99833 1.00000 0.00000 -0.00000 10.00000
0.99875 1.00000 0.00000 -0.00000 10.00000
0.99917 1.00000 0.00000 -0.00000 10.00000
0.99958 1.00000 0.00000 -0.00000 10.00000
1.00000 1.00000 0.00000 -0.00000 10.00000
